0616d4d97b379c784e5c026caeb20259
296ae4496820dc23c7445828a8768802
fca1599cd8212bbeb30453b7969561dc
56df573a084bcde904e179f9622964f2
4f807694f7cac466e37e605c4369827d
d84e026dd42e9aeee01325e69b086b2f
048f5a575186e25ccd935d99032d9fa3
875486c0028fb97ddac9e052e763fd7a
4567b19278215135b13d64a5bbf406a0
0e29f38491a68584a490a729b178105e
dfaec251d17baeeb8a25197300e6f816
d40eba3678226381294b96d2fea23b9c
5aad59ab97c1e9ed95f8bc3bfb368ac9
0657f0e71b38ef5107ff66b468af1fe0
4412170166
4411004486
4410862266
4410848466
4411823388
4410870179
4410845449
4410899320
4409505401
4410848449
4410883413
4407200707
4409100647
4393153536
4401329723
4395068628
4411404125
4408460075
4407794836
4398693319
4409980014
4412189370
4412147301
4411742321
4401345119
4406698630
4384709287
4409138011
4412184077
4408884243
4404283707
4408784846
4385609737
4382897865
4404309052
4406647308
4411761885
4393883234
4402066632
4398577955
4393073126
4411625850
4409927930
4410871521
4409638121
4390964517
4393858194
4409544280
4405815065
4393071152
4384761213
4412160923
4393154521
4393070158
4387781426
4412171468
3086699863
4412190658
4412172373
4408112003
4403929268
4408948227
4376753425
4411703984
4409607221
4412400686
4407886855
4325793132
4408417946
4409982738
4407201917
4411899484
4412109897
4412108767
4411383395
4405810780
4377005980
4407230271
4377022783
4411743990
4411288326
4411963654
4403679135
4377865556
4408050975
4411987803
4411387097
4402621636
4407222391
4393897142
4409992501
4409997471
4406806536
4411389176
4384767126
4406546994
4410852943
4407567194
4382897180
4411667803
4412494023
4403548518
4403545626
4403548522
4403561364
4403561365
4403550544
4403546518
4386743124
4408504067
4385489523
4400638953
4400559652
4411668693
4400856738
4406226721
4412127483
4380090927
4412404928
4412489718
4386394439
4410838495
4392015821
4411927341
4407215079
4409288249
4410514077
4411210610
4409035106
4409610201
4407567170
4375453433
4376059248
4412111428
4401342171
4401344137
4401347065
4411209110
4411886824
4388884238
4410403117
4411764977
4411270477
4411815518
4411898408
4411610366
4399686707
4408427267
4399789799
4409950883
4409970000
4403556390
4378889076
4406804557
4410408012
4412131360
4411655062
4226038225
4385482859
4409994889
4400761140
4412184506
4409299902
4411386183
4412166191
4412130348
4414160793
4410338653
4396170295
4414117628
4402163056
4413954622
4413947732
4413959522
4413946782
4413962465
4414151270
4413954623
4400014499
4414251628
4388123948
4413161466
4403992614
4393008857
4413770131
4408556407
4414274421
4413749031
4414103281
4413981635
4414141695
4414262031
4413581489
4413828734
4414280450
4414150876
4414167574
4414204610
4414160351
4414273942
4405853286
4372432765
4400781722
4393020111
4413561669
4413454418
4402299810
4414595721
4414521646
4414230149
4411171658
4411178560
4414472821
4386450681
4403996249
4411128923
4414461920
4415949253
4416415862
4413580268
4416953209
4417006231
4404120205
4411662049
4416405028
4416902941
4406709527
4407631050
4415791647
4416988458
4416923035
4415791656
4378125044
4416921299
4415918719
4415953376
4415916004
4415941763
4416680063
4417469848
4416329415
4417751055
4416584149
4416312373
4416560178
4417423300
4416091004
